1,
1762640,
12065563,
12791081,
25800939,
88064013,
94732834,
104315001,
129042842,
129595750,
133057141,
137908483,
147436433,
151267553,
176042030,
176915634,
191466215,
195209273,
201185097,
211362216,
217481588,
236227725,
261126843,
263145150,
267494285,
339598385,
339788561,
344908545,
363201321,
363201321,
374118489,
374118489,
399373698,
416607347,
418134627,
432403343,
447043949,
463407246,
465078052,
482315855,
487202855,
538998630,
563185469,
566336666,
577757401,
611302322,
633816854,
647174858,
647174858,
675445403,
730124593,
752555301,
753424966,
769968187,
780003128,
792631696,
814054650,
862138227,
863026489,
877129949,
888807844,
889940958,
906395870,
944912397,
947495970,
953985112,
984493440,
992064276,
1004243926,
1025817355,
1035674711,
1041680881,
1055551400,
1076790807,
1138886250,
1154673661,
1161926981,
1182379645,
1184784163,
1232603067,
1233256414,
1283282823,
1299017527,
1300049131,
1314429332,
1320136184,
1323192055,
1326727883,
1343224311,
1390822250,
1411186590,
1432007658,
1450013070,
1451160281,
1472274081,
1478212901,
1488043022,
1493374757,
1502029347,
1502029347,
1508697144,
1517193868,
1528414777,
1536900437,
1546104267,
1562330220,
1583485965,
1599202976,
1599660707,
1607125498,
1608539663,
1619606346,
1655078637,
1693786996,
1710481375,
1713457639,
1719251187,
1737816596,
1743055456,
1765772114,
1777654683,
1828999043,
1831645321,
1835333742,
1839666078,
1867115991,
1869648628,
1871531941,
1884582479,
1891871950,
1891871950,
1901924951,
1952092731,
1952895776,
2002674843,
2006610307,
2065063227,
2268346029,
2293855847,
2300465412,
2317550908,
2334516063,
2339785756,
2383619476,
2385334195,
2395007089,
2486662483,
2493555533,
2559776394,
2571479602,
2578225439,
2697172072,
2724748590,
2742390603,
2748937613,
2756667297,
2762463588,
2771311657,
2798756381,
2874405249,
2894893361,
2905669276,
2906437625,
2913505651,
2993515239,
3075117532,
3112987042,
3122356570,
3134328373,
3139778079,
3188985948,
3199078572,
3219801181,
3230929674,
3242070543,
3251397074,
3251397074,
3315861237,
3378262377,
3394292490,
3404761479,
3443817489,
3493938354,
3529879995,
3531955815,
3576932647,
3586724254,
3591767837,
3621669301,
3662624424,
3677461576,
3679404681,
3713274472,
3718027962,
3718143601,
3733083569,
3737809393,
3765591600,
3813017324,
3833410015,
3839985851,
3866162797,
3928363504,
3944564646,
3980193988,
4039063743,
4060643088,
4065315167,
4068508864,
4074176926,
4096762780,
4108075940,
4148677064,
4173213631,
4289102183,
4304149447,
4335058297,
4395052306,
4418015124,
4457207817,
4526443879,
4559953615,
4577179345,
4584556931,
4590268345,
4590811638,
4600424642,
4629974119,
4657781411,
4672596834,
4673029007,
4677825535,
4684046378,
4689288206,
4704244544,
4716136538,
4730215182,
4731963221,
4736373485,
4741279607,
4775816776,
4792755934,
4817231063,
4870557244,
4883887544,
4889343329,
4932440733,
4942356454,
5035143889,
5065598249,
5071469037,
5104074134,
5157077089,
5260799786,
5307645899,
5328719696,
5336794628,
5400446121,
5424292628,
5446355428,
5489991972,
5504671588,
5522122320,
5532977635,
5554141116,
5556768315,
5595075361,
5644163104,
5689792045,
5693723870,
5698159600,
5702104811,
5710993386,
5723281995,
5723281998,
5728659424,
5764541396,
5767980726,
5773731776,
5808465998,
5820591172,
5834420781,
6004922785,
6007981202,
6039921268,
6045538422,
6046935716,
6051587988,
6055408793,
6059460287,
6068640413,
6068674657,
6072598917,
6073221591,
6077710742,
6078631243,
6079153003,
6079165407,
6083966562,
6085387333,
6097794748,
6102174502,
6105141050,
6117379782,
6117415246,
6118650712,
6126280974,
6126324268,
6156028620,
6156761676,
6157039960,
6173830306,
6175306084,
6175313534,
6189645461,
6200885052,
6206146027,
6210874797,
6224854236,
6224883706,
6229774179,
7003222207,
7008042162,
7013528600,
7021628580,
7021946991,
7023262786,
7023646499,
7025185746,
7026397952,
7026810774,
7038274188,
7040514969,
7040863223,
7041366772,
7041498426,
7041862551,
7043303973,
7048931483,
7054066000,
7081690585,
7096768977,
7133486920,
7209812152,
7218533358,
7219006090,
13438553315,
1040671120170438800